  93.00000   93.00044   93.00090   93.00141   93.00201   93.00277   93.00381   93.00544   93.00852   93.01748  180.00000
  93.00000   93.00000   93.00000   93.00000   93.00000   93.00005   93.00551   93.23488   96.95852  120.60601  180.00000
  93.00000   93.00000   93.00000   93.00006   93.00192   93.03540   93.40696   95.94885  106.68503  134.71651  180.00000
  93.00000   93.00002   93.00034   93.00462   93.04628   93.33864   94.82016  100.24401  114.59454  142.04215  180.00000
  93.00000   93.00059   93.00551   93.04048   93.23488   94.08048   96.95852  104.62445  120.60601  146.68553  180.00000
  93.00000   93.00488   93.03015   93.15182   93.63426   95.20522   99.40653  108.63499  125.28512  149.96071  180.00000
  93.00000   93.02014   93.09482   93.37120   94.24461   96.58673  101.91493  112.19841  129.03681  152.42895  180.00000
  93.00000   93.05547   93.21673   93.70906   95.03076   98.11401  104.35959  115.34502  132.12319  154.37476  180.00000
  93.00000   93.11850   93.40504   94.15919   95.94879   99.70768  106.68503  118.12946  134.71651  155.95960  180.00000
  93.00000   93.21350   93.66098   94.70659   96.95826  101.31547  108.87074  120.60601  136.93370  157.28279  180.00000
  93.00000   93.34124   93.97999   95.33310   98.02599  102.90445  110.91354  122.82200  138.85676  158.40918  180.00000
  93.00000   93.49977   94.35412   96.02062   99.12620  104.45459  112.81848  124.81694  140.54494  159.38314  180.00000
  93.00000   93.68544   94.77387   96.75259  100.23939  105.95428  114.59420  126.62335  142.04213  160.23621  180.00000
  93.00000   93.89375   95.22948   97.51462  101.35105  107.39729  116.25061  128.26790  143.38163  160.99147  180.00000
  93.00000   94.11999   95.71169   98.29454  102.45052  108.78077  117.79764  129.77251  144.58914  161.66629  180.00000
  93.00000   94.35964   96.21216   99.08235  103.53001  110.10403  119.24472  131.15530  145.68487  162.27397  180.00000
  93.00000   94.60858   96.72364   99.86989  104.58398  111.36768  120.60050  132.43130  146.68494  162.82494  180.00000
  93.00000   94.86320   97.24001  100.65068  105.60848  112.57310  121.87280  133.61307  147.60235  163.32745  180.00000
  93.00000   95.12045   97.75618  101.41961  106.60086  113.72217  123.06861  134.71116  148.44771  163.78815  180.00000
  93.00000   95.37776   98.26803  102.17273  107.55942  114.81699  124.19415  135.73449  149.22978  164.21247  180.00000
  93.00000   95.63306   98.77227  102.90708  108.48316  115.85980  125.25497  136.69064  149.95583  164.60486  180.00000
  93.00000   95.88469   99.26633  103.62045  109.37166  116.85283  126.25600  137.58609  150.63197  164.96902  180.00000
  93.00000   96.13134   99.74827  104.31131  110.22492  117.79833  127.20163  138.42641  151.26336  165.30804  180.00000
  93.00000   96.37201  100.21661  104.97863  111.04325  118.69850  128.09579  139.21642  151.85439  165.62454  180.00000
  93.00000   96.60597  100.67032  105.62182  111.82721  119.55543  128.94199  139.96032  152.40881  165.92074  180.00000
  93.00000   96.83268  101.10871  106.24062  112.57755  120.37118  129.74342  140.66178  152.92987  166.19854  180.00000
  93.00000   97.05178  101.53136  106.83502  113.29513  121.14770  130.50294  141.32404  153.42038  166.45958  180.00000
  93.00000   97.26305  101.93807  107.40523  113.98092  121.88686  131.22316  141.94996  153.88280  166.70528  180.00000
  93.00000   97.46638  102.32883  107.95163  114.63596  122.59045  131.90646  142.54209  154.31929  166.93688  180.00000
  93.00000   97.66177  102.70376  108.47471  115.26132  123.26018  132.55501  143.10270  154.73175  167.15546  180.00000
  93.00000   97.84926  103.06308  108.97506  115.85808  123.89766  133.17082  143.63386  155.12189  167.36200  180.00000
  93.00000   98.02897  103.40712  109.45333  116.42737  124.50446  133.75574  144.13743  155.49122  167.55734  180.00000
  93.00000   98.20104  103.73624  109.91023  116.97027  125.08204  134.31147  144.61509  155.84110  167.74224  180.00000
  93.00000   98.36567  104.05088  110.34649  117.48787  125.63181  134.83960  145.06839  156.17278  167.91740  180.00000
  93.00000   98.52306  104.35148  110.76286  117.98124  126.15512  135.34162  145.49875  156.48737  168.08344  180.00000
  93.00000   98.67344  104.63852  111.16010  118.45142  126.65322  135.81889  145.90747  156.78589  168.24091  180.00000
  93.00000   98.81704  104.91249  111.53896  118.89942  127.12735  136.27273  146.29576  157.06929  168.39034  180.00000
  93.00000   98.95410  105.17388  111.90020  119.32624  127.57864  136.70432  146.66474  157.33842  168.53219  180.00000
  93.00000   99.08488  105.42320  112.24455  119.73282  128.00820  137.11483  147.01544  157.59409  168.66690  180.00000
  93.00000   99.20963  105.66093  112.57273  120.12008  128.41709  137.50531  147.34884  157.83703  168.79486  180.00000
  93.00000   99.32857  105.88755  112.88546  120.48890  128.80628  137.87678  147.66584  158.06794  168.91645  180.00000
  93.00000   99.44196  106.10354  113.18340  120.84013  129.17673  138.23018  147.96730  158.28744  169.03201  180.00000
  93.00000   99.55003  106.30936  113.46723  121.17460  129.52935  138.56643  148.25402  158.49615  169.14187  180.00000
  93.00000   99.65302  106.50546  113.73759  121.49308  129.86499  138.88638  148.52674  158.69461  169.24632  180.00000
  93.00000   99.75114  106.69227  113.99508  121.79632  130.18447  139.19082  148.78617  158.88337  169.34564  180.00000
  93.00000   99.84462  106.87022  114.24030  122.08504  130.48856  139.48052  149.03299  159.06291  169.44010  180.00000
  93.00000   99.93366  107.03970  114.47381  122.35992  130.77801  139.75621  149.26781  159.23370  169.52995  180.00000
  93.00000  100.01847  107.20111  114.69617  122.62162  131.05353  140.01857  149.49125  159.39618  169.61542  180.00000
  93.00000  100.09924  107.35481  114.90790  122.87076  131.31578  140.26826  149.70385  159.55077  169.69674  180.00000
  93.00000  100.17615  107.50117  115.10948  123.10794  131.56540  140.50589  149.90616  159.69785  169.77410  180.00000
  93.00000  100.24939  107.64053  115.30141  123.33373  131.80300  140.73204  150.09868  159.83781  169.84770  180.00000
  93.00000  100.31913  107.77322  115.48413  123.54867  132.02916  140.94729  150.28190  159.97099  169.91774  180.00000
  93.00000  100.38552  107.89956  115.65809  123.75328  132.24443  141.15215  150.45626  160.09772  169.98439  180.00000
  93.00000  100.44874  108.01983  115.82370  123.94806  132.44934  141.34713  150.62219  160.21833  170.04781  180.00000
  93.00000  100.50893  108.13434  115.98136  124.13347  132.64438  141.53270  150.78012  160.33310  170.10817  180.00000
  93.00000  100.56623  108.24335  116.13144  124.30996  132.83003  141.70933  150.93042  160.44234  170.16560  180.00000
  93.00000  100.62078  108.34713  116.27431  124.47797  133.00674  141.87745  151.07347  160.54629  170.22026  180.00000
  93.00000  100.67271  108.44592  116.41031  124.63789  133.17494  142.03747  151.20963  160.64524  170.27229  180.00000
  93.00000  100.72215  108.53996  116.53978  124.79012  133.33504  142.18977  151.33921  160.73940  170.32180  180.00000
  93.00000  100.76921  108.62949  116.66301  124.93502  133.48743  142.33474  151.46255  160.82903  170.36892  180.00000
  93.00000  100.81401  108.71471  116.78032  125.07295  133.63249  142.47272  151.57995  160.91433  170.41377  180.00000
  93.00000  100.85665  108.79583  116.89199  125.20425  133.77056  142.60405  151.69168  160.99552  170.45646  180.00000
  93.00000  100.89725  108.87305  116.99829  125.32922  133.90198  142.72906  151.79803  161.07280  170.49709  180.00000
  93.00000  100.93589  108.94656  117.09947  125.44818  134.02708  142.84805  151.89926  161.14635  170.53576  180.00000
  93.00000  100.97267  109.01653  117.19578  125.56141  134.14615  142.96130  151.99561  161.21636  170.57257  180.00000
  93.00000  101.00769  109.08313  117.28746  125.66919  134.25949  143.06910  152.08732  161.28299  170.60760  180.00000
  93.00000  101.04102  109.14653  117.37472  125.77178  134.36737  143.17171  152.17461  161.34641  170.64095  180.00000
  93.00000  101.07274  109.20688  117.45779  125.86944  134.47006  143.26938  152.25769  161.40678  170.67268  180.00000
  93.00000  101.10294  109.26432  117.53686  125.96239  134.56780  143.36234  152.33678  161.46424  170.70289  180.00000
  93.00000  101.13169  109.31900  117.61212  126.05087  134.66083  143.45083  152.41205  161.51893  170.73165  180.00000
  93.00000  101.15905  109.37104  117.68375  126.13509  134.74939  143.53506  152.48370  161.57099  170.75902  180.00000
  93.00000  101.18509  109.42058  117.75194  126.21525  134.83368  143.61522  152.55190  161.62054  170.78507  180.00000
  93.00000  101.20988  109.46774  117.81685  126.29156  134.91392  143.69153  152.61681  161.66771  170.80986  180.00000
  93.00000  101.23348  109.51263  117.87863  126.36419  134.99029  143.76417  152.67860  161.71260  170.83346  180.00000
  93.00000  101.25594  109.55535  117.93744  126.43332  135.06298  143.83331  152.73741  161.75533  170.85593  180.00000
  93.00000  101.27732  109.59602  117.99341  126.49912  135.13217  143.89911  152.79339  161.79600  170.87731  180.00000
  93.00000  101.29768  109.63473  118.04670  126.56176  135.19803  143.96175  152.84668  161.83472  170.89767  180.00000
  93.00000  101.31705  109.67158  118.09741  126.62138  135.26072  144.02137  152.89740  161.87156  170.91704  180.00000
  93.00000  101.33549  109.70665  118.14568  126.67813  135.32039  144.07813  152.94567  161.90664  170.93548  180.00000
  93.00000  101.35304  109.74004  118.19163  126.73215  135.37719  144.13214  152.99163  161.94003  170.95303  180.00000
  93.00000  101.36974  109.77181  118.23537  126.78357  135.43126  144.18356  153.03536  161.97180  170.96974  180.00000
  93.00000  101.38564  109.80206  118.27700  126.83251  135.48272  144.23250  153.07700  162.00205  170.98564  180.00000
  93.00000  101.40078  109.83085  118.31663  126.87909  135.53170  144.27909  153.11663  162.03084  171.00078  180.00000
  93.00000  101.41519  109.85825  118.35435  126.92343  135.57832  144.32343  153.15435  162.05825  171.01518  180.00000
  93.00000  101.42890  109.88434  118.39025  126.96564  135.62270  144.36564  153.19025  162.08434  171.02890  180.00000
  93.00000  101.44195  109.90917  118.42443  127.00582  135.66494  144.40581  153.22442  162.10917  171.04195  180.00000
  93.00000  101.45438  109.93280  118.45696  127.04406  135.70515  144.44405  153.25695  162.13280  171.05438  180.00000
  93.00000  101.46621  109.95530  118.48792  127.08045  135.74342  144.48045  153.28792  162.15529  171.06620  180.00000
  93.00000  101.47746  109.97671  118.51739  127.11510  135.77985  144.51510  153.31739  162.17671  171.07746  180.00000
  93.00000  101.48818  109.99709  118.54544  127.14808  135.81453  144.54808  153.34544  162.19709  171.08818  180.00000
  93.00000  101.49838  110.01649  118.57214  127.17947  135.84753  144.57947  153.37214  162.21649  171.09838  180.00000
  93.00000  101.50809  110.03496  118.59756  127.20935  135.87895  144.60935  153.39756  162.23496  171.10808  180.00000
  93.00000  101.51733  110.05253  118.62175  127.23779  135.90885  144.63779  153.42175  162.25253  171.11733  180.00000
  93.00000  101.52612  110.06926  118.64478  127.26486  135.93732  144.66486  153.44478  162.26926  171.12612  180.00000
  93.00000  101.53449  110.08519  118.66670  127.29062  135.96441  144.69062  153.46670  162.28519  171.13449  180.00000
  93.00000  101.54246  110.10035  118.68756  127.31515  135.99020  144.71515  153.48756  162.30035  171.14246  180.00000
  93.00000  101.55005  110.11478  118.70742  127.33850  136.01475  144.73850  153.50742  162.31478  171.15005  180.00000
