  93.00000	  93.00000	  93.00000	  93.00000	  93.00000	  93.00000	  93.00000	  93.00000	  93.00000	  93.00000	 180.00000
  93.00000	  93.00000	  93.00000	  93.00000	  93.00000	  93.00000	  93.00000	  93.00000	  93.00000	 136.50000	 180.00000
  93.00000	  93.00000	  93.00000	  93.00000	  93.00000	  93.00000	  93.00000	  93.00000	 114.75000	 136.50000	 180.00000
  93.00000	  93.00000	  93.00000	  93.00000	  93.00000	  93.00000	  93.00000	 103.87500	 114.75000	 147.37500	 180.00000
  93.00000	  93.00000	  93.00000	  93.00000	  93.00000	  93.00000	  98.43750	 103.87500	 125.62500	 147.37500	 180.00000
  93.00000	  93.00000	  93.00000	  93.00000	  93.00000	  95.71875	  98.43750	 112.03125	 125.62500	 152.81250	 180.00000
  93.00000	  93.00000	  93.00000	  93.00000	  94.35938	  95.71875	 103.87500	 112.03125	 132.42188	 152.81250	 180.00000
  93.00000	  93.00000	  93.00000	  93.67969	  94.35938	  99.11719	 103.87500	 118.14844	 132.42188	 156.21094	 180.00000
  93.00000	  93.00000	  93.33984	  93.67969	  96.39844	  99.11719	 108.63281	 118.14844	 137.17969	 156.21094	 180.00000
  93.00000	  93.16992	  93.33984	  94.86914	  96.39844	 102.51562	 108.63281	 122.90625	 137.17969	 158.58984	 180.00000
  93.00000	  93.16992	  94.01953	  94.86914	  98.69238	 102.51562	 112.71094	 122.90625	 140.74805	 158.58984	 180.00000
  93.00000	  93.50977	  94.01953	  96.35596	  98.69238	 105.70166	 112.71094	 126.72949	 140.74805	 160.37402	 180.00000
  93.00000	  93.50977	  94.93286	  96.35596	 101.02881	 105.70166	 116.21558	 126.72949	 143.55176	 160.37402	 180.00000
  93.00000	  93.96643	  94.93286	  97.98083	 101.02881	 108.62219	 116.21558	 129.88367	 143.55176	 161.77588	 180.00000
  93.00000	  93.96643	  95.97363	  97.98083	 103.30151	 108.62219	 119.25293	 129.88367	 145.82977	 161.77588	 180.00000
  93.00000	  94.48682	  95.97363	  99.63757	 103.30151	 111.27722	 119.25293	 132.54135	 145.82977	 162.91489	 180.00000
  93.00000	  94.48682	  97.06219	  99.63757	 105.45740	 111.27722	 121.90929	 132.54135	 147.72812	 162.91489	 180.00000
  93.00000	  95.03110	  97.06219	 101.25980	 105.45740	 113.68334	 121.90929	 134.81870	 147.72812	 163.86406	 180.00000
  93.00000	  95.03110	  98.14545	 101.25980	 107.47157	 113.68334	 124.25102	 134.81870	 149.34138	 163.86406	 180.00000
  93.00000	  95.57272	  98.14545	 102.80851	 107.47157	 115.86130	 124.25102	 136.79620	 149.34138	 164.67069	 180.00000
  93.00000	  95.57272	  99.19062	 102.80851	 109.33490	 115.86130	 126.32875	 136.79620	 150.73345	 164.67069	 180.00000
  93.00000	  96.09531	  99.19062	 104.26276	 109.33490	 117.83183	 126.32875	 138.53110	 150.73345	 165.36672	 180.00000
  93.00000	  96.09531	 100.17903	 104.26276	 111.04729	 117.83183	 128.18146	 138.53110	 151.94891	 165.36672	 180.00000
  93.00000	  96.58952	 100.17903	 105.61316	 111.04729	 119.61438	 128.18146	 140.06519	 151.94891	 165.97446	 180.00000
  93.00000	  96.58952	 101.10134	 105.61316	 112.61377	 119.61438	 129.83978	 140.06519	 153.01982	 165.97446	 180.00000
  93.00000	  97.05067	 101.10134	 106.85755	 112.61377	 121.22678	 129.83978	 141.42980	 153.01982	 166.50991	 180.00000
  93.00000	  97.05067	 101.95411	 106.85755	 114.04217	 121.22678	 131.32829	 141.42980	 153.96986	 166.50991	 180.00000
  93.00000	  97.47706	 101.95411	 107.99814	 114.04217	 122.68523	 131.32829	 142.64907	 153.96986	 166.98493	 180.00000
  93.00000	  97.47706	 102.73760	 107.99814	 115.34168	 122.68523	 132.66715	 142.64907	 154.81700	 166.98493	 180.00000
  93.00000	  97.86880	 102.73760	 109.03964	 115.34168	 124.00442	 132.66715	 143.74207	 154.81700	 167.40850	 180.00000
  93.00000	  97.86880	 103.45422	 109.03964	 116.52203	 124.00442	 133.87325	 143.74207	 155.57529	 167.40850	 180.00000
  93.00000	  98.22711	 103.45422	 109.98812	 116.52203	 125.19764	 133.87325	 144.72427	 155.57529	 167.78764	 180.00000
  93.00000	  98.22711	 104.10762	 109.98812	 117.59288	 125.19764	 134.96095	 144.72427	 156.25595	 167.78764	 180.00000
  93.00000	  98.55381	 104.10762	 110.85025	 117.59288	 126.27692	 134.96095	 145.60845	 156.25595	 168.12798	 180.00000
  93.00000	  98.55381	 104.70203	 110.85025	 118.56358	 126.27692	 135.94268	 145.60845	 156.86822	 168.12798	 180.00000
  93.00000	  98.85101	 104.70203	 111.63281	 118.56358	 127.25313	 135.94268	 146.40545	 156.86822	 168.43411	 180.00000
  93.00000	  98.85101	 105.24191	 111.63281	 119.44297	 127.25313	 136.82929	 146.40545	 157.41978	 168.43411	 180.00000
  93.00000	  99.12095	 105.24191	 112.34244	 119.44297	 128.13613	 136.82929	 147.12454	 157.41978	 168.70989	 180.00000
  93.00000	  99.12095	 105.73170	 112.34244	 120.23928	 128.13613	 137.63033	 147.12454	 157.91721	 168.70989	 180.00000
  93.00000	  99.36585	 105.73170	 112.98549	 120.23928	 128.93481	 137.63033	 147.77377	 157.91721	 168.95861	 180.00000
  93.00000	  99.36585	 106.17567	 112.98549	 120.96015	 128.93481	 138.35429	 147.77377	 158.36619	 168.95861	 180.00000
  93.00000	  99.58783	 106.17567	 113.56791	 120.96015	 129.65722	 138.35429	 148.36024	 158.36619	 169.18309	 180.00000
  93.00000	  99.58783	 106.57787	 113.56791	 121.61257	 129.65722	 139.00873	 148.36024	 158.77167	 169.18309	 180.00000
  93.00000	  99.78894	 106.57787	 114.09522	 121.61257	 130.31065	 139.00873	 148.89020	 158.77167	 169.38583	 180.00000
  93.00000	  99.78894	 106.94208	 114.09522	 122.20293	 130.31065	 139.60042	 148.89020	 159.13802	 169.38583	 180.00000
  93.00000	  99.97104	 106.94208	 114.57251	 122.20293	 130.90168	 139.60042	 149.36922	 159.13802	 169.56901	 180.00000
  93.00000	  99.97104	 107.27177	 114.57251	 122.73709	 130.90168	 140.13545	 149.36922	 159.46911	 169.56901	 180.00000
  93.00000	 100.13589	 107.27177	 115.00443	 122.73709	 131.43627	 140.13545	 149.80228	 159.46911	 169.73456	 180.00000
  93.00000	 100.13589	 107.57016	 115.00443	 123.22035	 131.43627	 140.61928	 149.80228	 159.76842	 169.73456	 180.00000
  93.00000	 100.28508	 107.57016	 115.39526	 123.22035	 131.91981	 140.61928	 150.19385	 159.76842	 169.88421	 180.00000
  93.00000	 100.28508	 107.84017	 115.39526	 123.65753	 131.91981	 141.05683	 150.19385	 160.03903	 169.88421	 180.00000
  93.00000	 100.42008	 107.84017	 115.74885	 123.65753	 132.35718	 141.05683	 150.54793	 160.03903	 170.01951	 180.00000
  93.00000	 100.42008	 108.08447	 115.74885	 124.05302	 132.35718	 141.45256	 150.54793	 160.28372	 170.01951	 180.00000
  93.00000	 100.54223	 108.08447	 116.06874	 124.05302	 132.75279	 141.45256	 150.86814	 160.28372	 170.14186	 180.00000
  93.00000	 100.54223	 108.30549	 116.06874	 124.41076	 132.75279	 141.81046	 150.86814	 160.50500	 170.14186	 180.00000
  93.00000	 100.65274	 108.30549	 116.35813	 124.41076	 133.11061	 141.81046	 151.15773	 160.50500	 170.25250	 180.00000
  93.00000	 100.65274	 108.50543	 116.35813	 124.73437	 133.11061	 142.13417	 151.15773	 160.70512	 170.25250	 180.00000
  93.00000	 100.75272	 108.50543	 116.61990	 124.73437	 133.43427	 142.13417	 151.41964	 160.70512	 170.35256	 180.00000
  93.00000	 100.75272	 108.68631	 116.61990	 125.02709	 133.43427	 142.42696	 151.41964	 160.88610	 170.35256	 180.00000
  93.00000	 100.84315	 108.68631	 116.85670	 125.02709	 133.72702	 142.42696	 151.65653	 160.88610	 170.44305	 180.00000
  93.00000	 100.84315	 108.84993	 116.85670	 125.29186	 133.72702	 142.69178	 151.65653	 161.04979	 170.44305	 180.00000
  93.00000	 100.92496	 108.84993	 117.07089	 125.29186	 133.99182	 142.69178	 151.87078	 161.04979	 170.52489	 180.00000
  93.00000	 100.92496	 108.99793	 117.07089	 125.53136	 133.99182	 142.93130	 151.87078	 161.19784	 170.52489	 180.00000
  93.00000	 100.99896	 108.99793	 117.26464	 125.53136	 134.23133	 142.93130	 152.06457	 161.19784	 170.59892	 180.00000
  93.00000	 100.99896	 109.13180	 117.26464	 125.74798	 134.23133	 143.14795	 152.06457	 161.33174	 170.59892	 180.00000
  93.00000	 101.06590	 109.13180	 117.43989	 125.74798	 134.44797	 143.14795	 152.23985	 161.33174	 170.66587	 180.00000
  93.00000	 101.06590	 109.25290	 117.43989	 125.94393	 134.44797	 143.34391	 152.23985	 161.45286	 170.66587	 180.00000
  93.00000	 101.12645	 109.25290	 117.59841	 125.94393	 134.64392	 143.34391	 152.39838	 161.45286	 170.72643	 180.00000
  93.00000	 101.12645	 109.36243	 117.59841	 126.12117	 134.64392	 143.52115	 152.39838	 161.56241	 170.72643	 180.00000
  93.00000	 101.18122	 109.36243	 117.74180	 126.12117	 134.82116	 143.52115	 152.54178	 161.56241	 170.78120	 180.00000
  93.00000	 101.18122	 109.46151	 117.74180	 126.28148	 134.82116	 143.68147	 152.54178	 161.66149	 170.78120	 180.00000
  93.00000	 101.23075	 109.46151	 117.87149	 126.28148	 134.98147	 143.68147	 152.67148	 161.66149	 170.83075	 180.00000
  93.00000	 101.23075	 109.55112	 117.87149	 126.42648	 134.98147	 143.82648	 152.67148	 161.75111	 170.83075	 180.00000
  93.00000	 101.27556	 109.55112	 117.98880	 126.42648	 135.12648	 143.82648	 152.78879	 161.75111	 170.87556	 180.00000
  93.00000	 101.27556	 109.63218	 117.98880	 126.55764	 135.12648	 143.95764	 152.78879	 161.83218	 170.87556	 180.00000
  93.00000	 101.31609	 109.63218	 118.09491	 126.55764	 135.25764	 143.95764	 152.89491	 161.83218	 170.91609	 180.00000
  93.00000	 101.31609	 109.70550	 118.09491	 126.67628	 135.25764	 144.07627	 152.89491	 161.90550	 170.91609	 180.00000
  93.00000	 101.35275	 109.70550	 118.19089	 126.67628	 135.37627	 144.07627	 152.99089	 161.90550	 170.95275	 180.00000
  93.00000	 101.35275	 109.77182	 118.19089	 126.78358	 135.37627	 144.18358	 152.99089	 161.97182	 170.95275	 180.00000
  93.00000	 101.38591	 109.77182	 118.27770	 126.78358	 135.48358	 144.18358	 153.07770	 161.97182	 170.98591	 180.00000
  93.00000	 101.38591	 109.83181	 118.27770	 126.88064	 135.48358	 144.28064	 153.07770	 162.03180	 170.98591	 180.00000
  93.00000	 101.41590	 109.83181	 118.35622	 126.88064	 135.58064	 144.28064	 153.15622	 162.03180	 171.01590	 180.00000
  93.00000	 101.41590	 109.88606	 118.35622	 126.96843	 135.58064	 144.36843	 153.15622	 162.08606	 171.01590	 180.00000
  93.00000	 101.44303	 109.88606	 118.42725	 126.96843	 135.66843	 144.36843	 153.22725	 162.08606	 171.04303	 180.00000
  93.00000	 101.44303	 109.93514	 118.42725	 127.04784	 135.66843	 144.44784	 153.22725	 162.13514	 171.04303	 180.00000
  93.00000	 101.46757	 109.93514	 118.49149	 127.04784	 135.74784	 144.44784	 153.29149	 162.13514	 171.06757	 180.00000
  93.00000	 101.46757	 109.97953	 118.49149	 127.11966	 135.74784	 144.51966	 153.29149	 162.17953	 171.06757	 180.00000
  93.00000	 101.48976	 109.97953	 118.54960	 127.11966	 135.81966	 144.51966	 153.34960	 162.17953	 171.08976	 180.00000
  93.00000	 101.48976	 110.01968	 118.54960	 127.18463	 135.81966	 144.58463	 153.34960	 162.21968	 171.08976	 180.00000
  93.00000	 101.50984	 110.01968	 118.60216	 127.18463	 135.88463	 144.58463	 153.40216	 162.21968	 171.10984	 180.00000
  93.00000	 101.50984	 110.05600	 118.60216	 127.24339	 135.88463	 144.64339	 153.40216	 162.25600	 171.10984	 180.00000
  93.00000	 101.52800	 110.05600	 118.64970	 127.24339	 135.94339	 144.64339	 153.44970	 162.25600	 171.12800	 180.00000
  93.00000	 101.52800	 110.08885	 118.64970	 127.29654	 135.94339	 144.69654	 153.44970	 162.28885	 171.12800	 180.00000
  93.00000	 101.54442	 110.08885	 118.69270	 127.29654	 135.99654	 144.69654	 153.49270	 162.28885	 171.14442	 180.00000
  93.00000	 101.54442	 110.11856	 118.69270	 127.34462	 135.99654	 144.74462	 153.49270	 162.31856	 171.14442	 180.00000
  93.00000	 101.55928	 110.11856	 118.73159	 127.34462	 136.04462	 144.74462	 153.53159	 162.31856	 171.15928	 180.00000
  93.00000	 101.55928	 110.14543	 118.73159	 127.38810	 136.04462	 144.78810	 153.53159	 162.34543	 171.15928	 180.00000
