  93.00000    0.00000    0.00000    0.00000    0.00000    0.00000    0.00000    0.00000    0.00000    0.00000  180.00000
  93.00000   46.50000    0.00000    0.00000    0.00000    0.00000    0.00000    0.00000    0.00000   90.00000  180.00000
  93.00000   46.50000   23.25000    0.00000    0.00000    0.00000    0.00000    0.00000   45.00000   90.00000  180.00000
  93.00000   58.12500   23.25000   11.62500    0.00000    0.00000    0.00000   22.50000   45.00000  112.50000  180.00000
  93.00000   58.12500   34.87500   11.62500    5.81250    0.00000   11.25000   22.50000   67.50000  112.50000  180.00000
  93.00000   63.93750   34.87500   20.34375    5.81250    8.53125   11.25000   39.37500   67.50000  123.75000  180.00000
  93.00000   63.93750   42.14062   20.34375   14.43750    8.53125   23.95312   39.37500   81.56250  123.75000  180.00000
  93.00000   67.57031   42.14062   28.28906   14.43750   19.19531   23.95312   52.75781   81.56250  130.78125  180.00000
  93.00000   67.57031   47.92969   28.28906   23.74219   19.19531   35.97656   52.75781   91.76953  130.78125  180.00000
  93.00000   70.46484   47.92969   35.83594   23.74219   29.85938   35.97656   63.87305   91.76953  135.88477  180.00000
  93.00000   70.46484   53.15039   35.83594   32.84766   29.85938   46.86621   63.87305   99.87891  135.88477  180.00000
  93.00000   73.07520   53.15039   42.99902   32.84766   39.85693   46.86621   73.37256   99.87891  139.93945  180.00000
  93.00000   73.07520   58.03711   42.99902   41.42798   39.85693   56.61475   73.37256  106.65601  139.93945  180.00000
  93.00000   75.51855   58.03711   49.73254   41.42798   49.02136   56.61475   81.63538  106.65601  143.32800  180.00000
  93.00000   75.51855   62.62555   49.73254   49.37695   49.02136   65.32837   81.63538  112.48169  143.32800  180.00000
  93.00000   77.81277   62.62555   56.00125   49.37695   57.35266   65.32837   88.90503  112.48169  146.24084  180.00000
  93.00000   77.81277   66.90701   56.00125   56.67696   57.35266   73.12885   88.90503  117.57294  146.24084  180.00000
  93.00000   79.95351   66.90701   61.79198   56.67696   64.90290   73.12885   95.35089  117.57294  148.78647  180.00000
  93.00000   79.95351   70.87275   61.79198   63.34744   64.90290   80.12690   95.35089  122.06868  148.78647  180.00000
  93.00000   81.93637   70.87275   67.11009   63.34744   71.73717   80.12690  101.09779  122.06868  151.03434  180.00000
  93.00000   81.93637   74.52323   67.11009   69.42363   71.73717   86.41748  101.09779  126.06606  151.03434  180.00000
  93.00000   83.76162   74.52323   71.97343   69.42363   77.92056   86.41748  106.24177  126.06606  153.03303  180.00000
  93.00000   83.76162   77.86752   71.97343   74.94699   77.92056   92.08116  106.24177  129.63740  153.03303  180.00000
  93.00000   85.43376   77.86752   76.40726   74.94699   83.51408   92.08116  110.85928  129.63740  154.81870  180.00000
  93.00000   85.43376   80.92051   76.40726   79.96067   83.51408   97.18668  110.85928  132.83899  154.81870  180.00000
  93.00000   86.96026   80.92051   80.44059   79.96067   88.57367   97.18668  115.01284  132.83899  156.41950  180.00000
  93.00000   86.96026   83.70042   80.44059   84.50713   88.57367  101.79326  115.01284  135.71617  156.41950  180.00000
  93.00000   88.35021   83.70042   84.10378   84.50713   93.15019  101.79326  118.75471  135.71617  157.85808  180.00000
  93.00000   88.35021   86.22699   84.10378   88.62699   93.15019  105.95245  118.75471  138.30640  157.85808  180.00000
  93.00000   89.61350   86.22699   87.42699   88.62699   97.28972  105.95245  122.12942  138.30640  159.15320  180.00000
  93.00000   89.61350   88.52024   87.42699   92.35835   97.28972  109.70957  122.12942  140.64131  159.15320  180.00000
  93.00000   90.76012   88.52024   90.43930   92.35835  101.03396  109.70957  125.17544  140.64131  160.32066  180.00000
  93.00000   90.76012   90.59971   90.43930   95.73663  101.03396  113.10470  125.17544  142.74805  160.32066  180.00000
  93.00000   91.79986   90.59971   93.16817   95.73663  104.42067  113.10470  127.92638  142.74805  161.37402  180.00000
  93.00000   91.79986   92.48401   93.16817   98.79442  104.42067  116.17352  127.92638  144.65020  161.37402  180.00000
  93.00000   92.74201   92.48401   95.63922   98.79442  107.48397  116.17352  130.41186  144.65020  162.32510  180.00000
  93.00000   92.74201   94.19061   95.63922  101.56159  107.48397  118.94792  130.41186  146.36848  162.32510  180.00000
  93.00000   93.59531   94.19061   97.87610  101.56159  110.25475  118.94792  132.65820  146.36848  163.18424  180.00000
  93.00000   93.59531   95.73570   97.87610  104.06543  110.25475  121.45648  132.65820  147.92122  163.18424  180.00000
  93.00000   94.36785   95.73570   99.90057  104.06543  112.76095  121.45648  134.68885  147.92122  163.96061  180.00000
  93.00000   94.36785   97.13421   99.90057  106.33076  112.76095  123.72490  134.68885  149.32473  163.96061  180.00000
  93.00000   95.06710   97.13421  101.73248  106.33076  115.02783  123.72490  136.52481  149.32473  164.66236  180.00000
  93.00000   95.06710   98.39979  101.73248  108.38016  115.02783  125.77632  136.52481  150.59359  164.66236  180.00000
  93.00000   95.69990   98.39979  103.38998  108.38016  117.07824  125.77632  138.18496  150.59359  165.29679  180.00000
  93.00000   95.69990   99.54494  103.38998  110.23411  117.07824  127.63160  138.18496  151.74087  165.29679  180.00000
  93.00000   96.27247   99.54494  104.88952  110.23411  118.93285  127.63160  139.68624  151.74087  165.87044  180.00000
  93.00000   96.27247  100.58099  104.88952  111.91119  118.93285  129.30954  139.68624  152.77834  165.87044  180.00000
  93.00000   96.79050  100.58099  106.24609  111.91119  120.61037  129.30954  141.04394  152.77834  166.38917  180.00000
  93.00000   96.79050  101.51829  106.24609  113.42823  120.61037  130.82715  141.04394  153.71655  166.38917  180.00000
  93.00000   97.25915  101.51829  107.47326  113.42823  122.12769  130.82715  142.27185  153.71655  166.85828  180.00000
  93.00000   97.25915  102.36620  107.47326  114.80048  122.12769  132.19977  142.27185  154.56507  166.85828  180.00000
  93.00000   97.68310  102.36620  108.58334  114.80048  123.50012  132.19977  143.38242  154.56507  167.28253  180.00000
  93.00000   97.68310  103.13322  108.58334  116.04173  123.50012  133.44127  143.38242  155.33248  167.28253  180.00000
  93.00000   98.06661  103.13322  109.58748  116.04173  124.74150  133.44127  144.38687  155.33248  167.66624  180.00000
  93.00000   98.06661  103.82704  109.58748  117.16449  124.74150  134.56419  144.38687  156.02656  167.66624  180.00000
  93.00000   98.41352  103.82704  110.49577  117.16449  125.86434  134.56419  145.29537  156.02656  168.01328  180.00000
  93.00000   98.41352  104.45464  110.49577  118.18005  125.86434  135.57986  145.29537  156.65432  168.01328  180.00000
  93.00000   98.72732  104.45464  111.31735  118.18005  126.87995  135.57986  146.11709  156.65432  168.32716  180.00000
  93.00000   98.72732  105.02234  111.31735  119.09865  126.87995  136.49852  146.11709  157.22213  168.32716  180.00000
  93.00000   99.01117  105.02234  112.06049  119.09865  127.79859  136.49852  146.86032  157.22213  168.61106  180.00000
  93.00000   99.01117  105.53583  112.06049  119.92954  127.79859  137.32946  146.86032  157.73569  168.61106  180.00000
  93.00000   99.26792  105.53583  112.73269  119.92954  128.62950  137.32946  147.53257  157.73569  168.86785  180.00000
  93.00000   99.26792  106.00030  112.73269  120.68109  128.62950  138.08104  147.53257  158.20021  168.86785  180.00000
  93.00000   99.50015  106.00030  113.34070  120.68109  129.38106  138.08104  148.14062  158.20021  169.10011  180.00000
  93.00000   99.50015  106.42042  113.34070  121.36088  129.38106  138.76084  148.14062  158.62036  169.10011  180.00000
  93.00000   99.71021  106.42042  113.89065  121.36088  130.06086  138.76084  148.69060  158.62036  169.31018  180.00000
  93.00000   99.71021  106.80043  113.89065  121.97576  130.06086  139.37573  148.69060  159.00039  169.31018  180.00000
  93.00000   99.90022  106.80043  114.38809  121.97576  130.67574  139.37573  149.18806  159.00039  169.50020  180.00000
  93.00000   99.90022  107.14415  114.38809  122.53192  130.67574  139.93190  149.18806  159.34413  169.50020  180.00000
  93.00000  100.07208  107.14415  114.83804  122.53192  131.23191  139.93190  149.63802  159.34413  169.67206  180.00000
  93.00000  100.07208  107.45506  114.83804  123.03497  131.23191  140.43496  149.63802  159.65504  169.67206  180.00000
  93.00000  100.22753  107.45506  115.24502  123.03497  131.73497  140.43496  150.04500  159.65504  169.82752  180.00000
  93.00000  100.22753  107.73627  115.24502  123.48999  131.73497  140.88999  150.04500  159.93626  169.82752  180.00000
  93.00000  100.36814  107.73627  115.61313  123.48999  132.18999  140.88999  150.41312  159.93626  169.96813  180.00000
  93.00000  100.36814  107.99063  115.61313  123.90156  132.18999  141.30156  150.41312  160.19063  169.96813  180.00000
  93.00000  100.49532  107.99063  115.94610  123.90156  132.60156  141.30156  150.74609  160.19063  170.09531  180.00000
  93.00000  100.49532  108.22071  115.94610  124.27383  132.60156  141.67383  150.74609  160.42070  170.09531  180.00000
  93.00000  100.61035  108.22071  116.24727  124.27383  132.97383  141.67383  151.04726  160.42070  170.21035  180.00000
  93.00000  100.61035  108.42881  116.24727  124.61055  132.97383  142.01055  151.04726  160.62881  170.21035  180.00000
  93.00000  100.71441  108.42881  116.51968  124.61055  133.31055  142.01055  151.31968  160.62881  170.31440  180.00000
  93.00000  100.71441  108.61704  116.51968  124.91511  133.31055  142.31511  151.31968  160.81704  170.31440  180.00000
  93.00000  100.80852  108.61704  116.76608  124.91511  133.61511  142.31511  151.56608  160.81704  170.40852  180.00000
  93.00000  100.80852  108.78730  116.76608  125.19059  133.61511  142.59059  151.56608  160.98730  170.40852  180.00000
  93.00000  100.89365  108.78730  116.98895  125.19059  133.89059  142.59059  151.78895  160.98730  170.49365  180.00000
  93.00000  100.89365  108.94130  116.98895  125.43977  133.89059  142.83977  151.78895  161.14130  170.49365  180.00000
  93.00000  100.97065  108.94130  117.19053  125.43977  134.13977  142.83977  151.99053  161.14130  170.57065  180.00000
  93.00000  100.97065  109.08059  117.19053  125.66515  134.13977  143.06515  151.99053  161.28059  170.57065  180.00000
  93.00000  101.04030  109.08059  117.37287  125.66515  134.36515  143.06515  152.17287  161.28059  170.64030  180.00000
  93.00000  101.04030  109.20658  117.37287  125.86901  134.36515  143.26901  152.17287  161.40658  170.64030  180.00000
  93.00000  101.10329  109.20658  117.53780  125.86901  134.56901  143.26901  152.33780  161.40658  170.70329  180.00000
  93.00000  101.10329  109.32055  117.53780  126.05341  134.56901  143.45340  152.33780  161.52054  170.70329  180.00000
  93.00000  101.16027  109.32055  117.68698  126.05341  134.75340  143.45340  152.48697  161.52054  170.76027  180.00000
  93.00000  101.16027  109.42362  117.68698  126.22019  134.75340  143.62019  152.48697  161.62362  170.76027  180.00000
  93.00000  101.21181  109.42362  117.82191  126.22019  134.92019  143.62019  152.62191  161.62362  170.81181  180.00000
  93.00000  101.21181  109.51686  117.82191  126.37105  134.92019  143.77105  152.62191  161.71686  170.81181  180.00000
  93.00000  101.25843  109.51686  117.94395  126.37105  135.07105  143.77105  152.74395  161.71686  170.85843  180.00000
  93.00000  101.25843  109.60119  117.94395  126.50750  135.07105  143.90750  152.74395  161.80119  170.85843  180.00000
  93.00000  101.30060  109.60119  118.05435  126.50750  135.20750  143.90750  152.85435  161.80119  170.90060  180.00000
  93.00000  101.30060  109.67747  118.05435  126.63092  135.20750  144.03092  152.85435  161.87747  170.90060  180.00000
  93.00000  101.33874  109.67747  118.15420  126.63092  135.33092  144.03092  152.95420  161.87747  170.93874  180.00000
  93.00000  101.33874  109.74647  118.15420  126.74256  135.33092  144.14256  152.95420  161.94647  170.93874  180.00000
